@subtask samples
manual example-01.in

@subtask group1
gen1 20 4 0
gen1 300 20 0
gen1 1000 100 0
gen2 1000 100 0
gen2 1000 10 50
gen2 1000 3 50
rep1 1000 1 0 0
rep1 1000 100 0 0
rep1 1000 100 87 500
rep1 1000 100 2 0
neqm 100 100 1 0 sd1
neqm 100 100 0 10 sd1
pat 10000 100 0 
perm 10000 100 0 0
perm 10000 100 20 10
perm 10000 100 30 0

@subtask group2
neqm 1000 1000 1 0 
neqm 100000 100000 1 0 
neqm 1000000 1000000 1 0 
neqm 1000000 1000000 1 0 sd1
neqm 1000000 1000000 0 10000
neqm 1000000 1000000 0 10 
perm 1000000 1000000 1 1
perm 1000000 1000000 1 1 
perm 900000 900000 1 1
perm 800000 800000 1 1
perm 700000 700000 1 1
rep1 1000000 1000000 2 0
rep1 1000000 1000000 100 0
rep1 1000000 1000000 100 999000
rep1 1000000 1000000 10000 500000
rep1 1000000 1000000 10000 300000
rep1 1000000 1000000 0 500000
pat 1000000 1000000 0


@subtask group3
manual collision-01.in
gen1 200000 100 0
gen1 200000 100 50
gen2 10000 2000 0
gen2 20000 1000 50
gen2 10000 2 0
gen2 20000 3 0
rep1 20000 100 0 0
rep1 20000 1000 0 0
rep1 4471 4471 87 2000
rep1 6000 3000 2 0
neqm 3000 3000 1 0 sd1
neqm 4471 4471 0 10 sd1
perm 6000 2000 0 0
perm 200000 100 0 0
perm 100000 10 0 0
pat 200000 100 0
pat 20000 1000 0
rep2 20000 1000 2 2
rep2 10000 2000 2 2
rep2 10000 2000 2 -2
rep2 200000 100 2 -10
rep2 200000 100 2 10
perm2 100000 100 100 95
perm2 100000 100 1000 9984
perm2 100000 200 500 497

@subtask group4
@include samples
@include group1
@include group2
@include group3
gen1 1000000 100 0 s2
gen1 1000000 1000 0 s3
gen1 1000000 100000 0 s4
gen1 1000000 200 0 s6
gen1 1000000 200 0 s7
gen1 1000000 200 3456 s8
gen1 1000000 20000 0 s9
gen1 1000000 200000 0 s10
gen2 1000000 200 0 s12
gen2 1000000 20000 0 s13
gen2 1000000 2 0 s14
gen2 1000000 3 0 s35
gen2 1000000 4 0 s36
gen2 1000000 100 0 s15
gen2 1000000 1000 0 s16
gen2 1000000 10000 0 s17
gen2 1000000 200 0 s19
gen2 1000000 200 0 s20
gen2 1000000 200 3456 s21
gen2 1000000 20000 0 s22
gen2 1000000 200000 0 s23
gen2 1000000 200 0 s25
gen2 1000000 20000 0 s26
pat 1000000 100 0 s28
pat 1000000 1000 0 s29
pat 1000000 10000 0 s30
pat 1000000 200 0 s32
pat 1000000 2000 0 s33
pat 1000000 20000 0 s34
rep2 1000000 1000 2 4
rep2 1000000 200000 2 3
rep2 1000000 20000 2 -2
rep2 1000000 1000 2 -15
rep2 1000000 1000 2 13
perm 1000000 100000 0 0
perm 1000000 10000 0 0
perm 1000000 2000 0 0
perm 1000000 100 0 0
perm 1000000 10 0 0
perm2 1000000 100000 10 8
perm2 1000000 10000 100 97
perm2 1000000 2000 500 497
perm2 1000000 1000 1000 998
perm2 1000000 3333 300 295
perm2 1000000 100000 10 8 
perm2 1000000 10000 100 95
perm2 1000000 2000 500 495
perm2 1000000 1000 1000 994
perm2 1000000 3333 300 291